[[ 3.97902459  0.91519177 -8.06868136]
 [ 4.1452986   0.79579055 -7.54455566]
 [ 4.22754854  0.8130458  -7.54567564]
 [ 4.31011945  0.83178848 -7.54624784]
 [ 3.85966063  0.76634765 -7.64470875]
 [ 3.7524879   0.76637834 -7.64571309]
 [ 3.66062224  0.77129304 -7.64712811]
 [ 4.41518605  0.97227424 -4.55607295]
 [ 3.52297336  0.94089329 -5.07256269]
 [ 4.14300114  1.15998477 -6.96488738]
 [ 3.77917379  1.11204267 -7.11368084]
 [ 5.01846731  2.32471287 -2.31100857]
 [ 2.78016776  2.2454083  -3.74359846]
 [ 5.19450843  3.76471758 -1.30434245]
 [ 2.51017898  3.69314611 -3.36992413]
 [ 5.22717357  5.00930071 -3.92495722]
 [ 2.44820252  5.0155127  -5.68476021]
 [ 5.27951837  5.36696911 -4.73756224]
 [ 2.41250694  5.43215573 -6.60512507]
 [ 5.1472789   5.37005842 -5.50932586]
 [ 2.62636185  5.39627612 -7.25822985]
 [ 5.08779705  5.24293363 -4.29137707]
 [ 2.69548625  5.24821401 -5.97133875]
 [ 4.48118865  4.80287671  0.63772082]
 [ 3.31487089  4.83269215 -0.64116642]
 [ 3.79022658  6.77175164  1.77595913]
 [ 4.0278253   6.71599209 -1.11507379]
 [ 3.05642277  8.54542315  6.17026269]
 [ 4.74387467  8.5080874   2.18769208]
 [ 2.91758418  8.70266795  6.44123435]
 [ 4.71487701  8.6752975   2.36891493]
 [ 3.2836467   9.32962298  3.62813562]
 [ 5.14658928  9.34012294 -0.79251125]]

[[-0.71497867 -0.8168918   0.37571033]
 [-0.70739639 -0.73321193  0.26613209]
 [-0.72543155 -0.72320986  0.26646103]
 [-0.74343994 -0.71285571  0.26697117]
 [-0.65346922 -0.78049232  0.28677713]
 [-0.62947357 -0.79042661  0.29093612]
 [-0.60879931 -0.79827246  0.29550013]
 [-0.48412946 -0.18434246 -0.17319388]
 [-0.33269399 -0.35643878 -0.06588836]
 [-0.64118224 -0.58031942  0.24460477]
 [-0.57480559 -0.6456969   0.27223348]
 [-0.36714522  0.45458044 -0.29025949]
 [ 0.          0.          0.        ]
 [-0.26661622  0.86233758 -0.18348259]
 [ 0.14209286  0.26307312  0.22276571]
 [-0.4778743   0.62362531  0.45316628]
 [-0.01691917  0.07867927  0.83018274]
 [-0.55377987  0.54905189  0.6437258 ]
 [-0.08117074 -0.01264519  1.05171244]
 [-0.59581359  0.40918863  0.76860551]
 [-0.19119978 -0.10729892  1.13804771]
 [-0.47314038  0.58641155  0.55869132]
 [-0.09168746  0.08984813  0.90876081]
 [ 0.10795637  1.28187589 -0.26328795]
 [ 0.25198703  0.96759159 -0.01640278]
 [ 0.43263362  1.71485438 -0.0457068 ]
 [ 0.10826453  1.24726713  0.38217124]
 [ 1.06381148  2.65475263 -0.36661789]
 [ 0.31253821  2.14079376  0.17944723]
 [ 1.12530929  2.71163643 -0.37397109]
 [ 0.34131294  2.19432715  0.18374002]
 [ 0.80130702  2.3750933   0.16461691]
 [-0.02865648  1.8117698   0.78083084]]